0 0.74765625 0.7055555555555556 0.0390625 0.07777777777777778
0 0.77734375 0.6875 0.021875 0.06111111111111111
0 0.641796875 0.5430555555555555 0.04765625 0.10555555555555556
0 0.916015625 0.4861111111111111 0.06640625 0.11944444444444445
0 0.231640625 0.48194444444444445 0.05859375 0.14722222222222223
0 0.76875 0.45208333333333334 0.0578125 0.09305555555555556
0 0.9375 0.3888888888888889 0.0828125 0.06388888888888888
0 0.4390625 0.5361111111111111 0.040625 0.07777777777777778
0 0.478515625 0.4840277777777778 0.03515625 0.0875
0 0.424609375 0.4222222222222222 0.04296875 0.08888888888888889
0 0.083984375 0.45694444444444443 0.07109375 0.125
0 0.147265625 0.4131944444444444 0.03359375 0.1125
0 0.083203125 0.36944444444444446 0.03828125 0.04722222222222222
0 0.7953125 0.3527777777777778 0.0234375 0.075
0 0.574609375 0.2986111111111111 0.06328125 0.16111111111111112
0 0.823046875 0.18819444444444444 0.05390625 0.1125
0 0.7171875 0.07777777777777778 0.040625 0.06111111111111111
0 0.117578125 0.09513888888888888 0.07578125 0.10416666666666667
0 0.6953125 0.34097222222222223 0.0390625 0.08194444444444444
0 0.6671875 0.36875 0.0359375 0.0625
0 0.2734375 0.5118055555555555 0.0359375 0.08194444444444444
